8.288577795028686523e+00
7.965202093124389648e+00
8.005148887634277344e+00
8.050379037857055664e+00
8.202264070510864258e+00
8.262305974960327148e+00
8.304974079132080078e+00
8.264199972152709961e+00
8.306758880615234375e+00
8.509700059890747070e+00
8.857131958007812500e+00
8.377269029617309570e+00
8.672852039337158203e+00
8.708231925964355469e+00
8.484721183776855469e+00
8.552462100982666016e+00
8.484283924102783203e+00
8.420476913452148438e+00
8.521996021270751953e+00
9.063941001892089844e+00
8.853174924850463867e+00
9.513262987136840820e+00
1.416018009185791016e+01
1.435305595397949219e+01
1.433703303337097168e+01
1.438858985900878906e+01
1.408576107025146484e+01
1.428340101242065430e+01
1.428159499168395996e+01
1.427441692352294922e+01
1.449502992630004883e+01
1.445824599266052246e+01
1.436114597320556641e+01
1.447878384590148926e+01
1.418051695823669434e+01
1.441179800033569336e+01
1.461877584457397461e+01
1.454194784164428711e+01
1.432193422317504883e+01
1.448386788368225098e+01
1.438251304626464844e+01
1.441906094551086426e+01
1.467858004570007324e+01
1.427836418151855469e+01
1.441026806831359863e+01
1.456473898887634277e+01
1.425209999084472656e+01
1.440161705017089844e+01
1.445728302001953125e+01
1.424644303321838379e+01
1.435716891288757324e+01
1.463812994956970215e+01
1.430441403388977051e+01
1.459738206863403320e+01
1.432144689559936523e+01
1.427341890335083008e+01
1.443496012687683105e+01
1.440227794647216797e+01
1.433974313735961914e+01
1.443891716003417969e+01
1.428843307495117188e+01
1.446740794181823730e+01
1.457770800590515137e+01
1.408493900299072266e+01
1.434397411346435547e+01
1.457652997970581055e+01
1.438417291641235352e+01
1.431384801864624023e+01
1.461401987075805664e+01
1.447671008110046387e+01
1.444734787940979004e+01
1.427057504653930664e+01
1.448527193069458008e+01
1.473374605178833008e+01
1.435513997077941895e+01
1.440627098083496094e+01
1.472609901428222656e+01
1.433489012718200684e+01
1.438183498382568359e+01
1.453059387207031250e+01
1.445616912841796875e+01
1.429287219047546387e+01
1.477279305458068848e+01
1.465780711174011230e+01
1.434500193595886230e+01
1.470073199272155762e+01
1.427557516098022461e+01
1.042262101173400879e+01
8.010185003280639648e+00
8.002562999725341797e+00
8.016204118728637695e+00
8.054162025451660156e+00
8.096961021423339844e+00
8.096233129501342773e+00
8.095968961715698242e+00
8.107619047164916992e+00
8.112011909484863281e+00
8.175529003143310547e+00
8.086923122406005859e+00
8.056649923324584961e+00
8.140200853347778320e+00
8.148172855377197266e+00
8.042240142822265625e+00
7.999310970306396484e+00
8.042481899261474609e+00
8.029029846191406250e+00
8.094265937805175781e+00
8.057815074920654297e+00
