5.580047845840454102e+00
5.400443077087402344e+00
5.251417160034179688e+00
5.923032999038696289e+00
5.671146869659423828e+00
5.960808038711547852e+00
5.893105983734130859e+00
6.017852067947387695e+00
6.101547002792358398e+00
6.063228130340576172e+00
5.920819044113159180e+00
5.806478023529052734e+00
5.844861030578613281e+00
5.913356065750122070e+00
5.511602878570556641e+00
5.586712121963500977e+00
5.911122083663940430e+00
5.809566974639892578e+00
6.042239904403686523e+00
5.567850828170776367e+00
5.831135034561157227e+00
5.646348953247070312e+00
5.302179098129272461e+00
5.592958211898803711e+00
5.815620899200439453e+00
5.976966142654418945e+00
