1.003506994247436523e+01
9.631299018859863281e+00
1.005916309356689453e+01
9.840543031692504883e+00
9.921245098114013672e+00
1.001709699630737305e+01
1.154169917106628418e+01
1.087462091445922852e+01
1.088402414321899414e+01
1.033842396736145020e+01
9.668671131134033203e+00
1.044667983055114746e+01
9.280864953994750977e+00
9.115049839019775391e+00
9.108528852462768555e+00
9.145862817764282227e+00
9.513848066329956055e+00
9.701802015304565430e+00
9.694050073623657227e+00
9.276219844818115234e+00
9.840905904769897461e+00
9.385519981384277344e+00
9.536893844604492188e+00
9.346781015396118164e+00
1.039245200157165527e+01
9.803059816360473633e+00
