9.766039848327636719e+00
9.424561023712158203e+00
9.793202161788940430e+00
1.068719696998596191e+01
1.052725696563720703e+01
1.034888291358947754e+01
1.034216094017028809e+01
1.069067502021789551e+01
1.049765300750732422e+01
1.097558212280273438e+01
1.033258509635925293e+01
1.043535709381103516e+01
1.046421504020690918e+01
1.027466702461242676e+01
1.055702280998229980e+01
1.102006888389587402e+01
1.039415407180786133e+01
1.029502797126770020e+01
1.071501302719116211e+01
1.031003212928771973e+01
1.032947015762329102e+01
1.036527299880981445e+01
1.018545985221862793e+01
1.031009197235107422e+01
1.023090982437133789e+01
1.019044589996337891e+01
