9.394330024719238281e+00
9.619858026504516602e+00
9.158483028411865234e+00
9.123622894287109375e+00
9.396381139755249023e+00
1.079718899726867676e+01
1.102329516410827637e+01
1.139420604705810547e+01
1.005591392517089844e+01
9.311083793640136719e+00
9.573686122894287109e+00
9.731765985488891602e+00
9.405369997024536133e+00
9.028427839279174805e+00
9.133175134658813477e+00
8.963518857955932617e+00
9.196337223052978516e+00
9.754163980484008789e+00
9.837552070617675781e+00
1.056248521804809570e+01
9.557849884033203125e+00
9.029637098312377930e+00
9.049803018569946289e+00
9.101442098617553711e+00
1.019931697845458984e+01
8.794005870819091797e+00
8.846092939376831055e+00
9.196599006652832031e+00
9.226636171340942383e+00
8.860599994659423828e+00
9.907028913497924805e+00
9.691216945648193359e+00
9.473274946212768555e+00
9.208912849426269531e+00
9.296606063842773438e+00
9.070568084716796875e+00
9.296107053756713867e+00
9.237154006958007812e+00
9.499063968658447266e+00
9.576152086257934570e+00
1.039480018615722656e+01
9.694128990173339844e+00
9.707308053970336914e+00
9.642203092575073242e+00
9.009279966354370117e+00
9.088560819625854492e+00
9.034584045410156250e+00
9.302715063095092773e+00
9.355190038681030273e+00
9.783325910568237305e+00
9.670163154602050781e+00
1.001437211036682129e+01
9.730106115341186523e+00
9.278777122497558594e+00
9.810410022735595703e+00
9.763937950134277344e+00
1.005633687973022461e+01
9.718725919723510742e+00
9.676788091659545898e+00
9.495841979980468750e+00
9.791340827941894531e+00
1.003615784645080566e+01
9.948228120803833008e+00
9.979722023010253906e+00
9.979801893234252930e+00
9.682642221450805664e+00
9.613914012908935547e+00
9.425291061401367188e+00
9.373412132263183594e+00
8.966171979904174805e+00
8.834163904190063477e+00
8.837529897689819336e+00
8.838347911834716797e+00
8.860874176025390625e+00
8.878165960311889648e+00
8.827357053756713867e+00
8.854595899581909180e+00
8.861757993698120117e+00
9.125206947326660156e+00
9.021399974822998047e+00
8.867513895034790039e+00
8.850465059280395508e+00
8.850837945938110352e+00
8.931826829910278320e+00
8.816941976547241211e+00
8.890321969985961914e+00
8.839828014373779297e+00
8.876329898834228516e+00
8.848495960235595703e+00
8.835478067398071289e+00
8.813678979873657227e+00
8.834599018096923828e+00
8.866780042648315430e+00
8.870477914810180664e+00
8.825566053390502930e+00
8.881932973861694336e+00
8.801784992218017578e+00
8.888684988021850586e+00
8.832098960876464844e+00
8.832784175872802734e+00
8.869088172912597656e+00
8.833890914916992188e+00
8.775486946105957031e+00
8.832731008529663086e+00
9.511749029159545898e+00
9.279843091964721680e+00
8.785237073898315430e+00
8.758635044097900391e+00
