9.195892095565795898e+00
8.909572124481201172e+00
9.030143976211547852e+00
9.365592002868652344e+00
9.501550197601318359e+00
9.610777854919433594e+00
9.823541164398193359e+00
1.086164498329162598e+01
9.988626956939697266e+00
1.116380500793457031e+01
1.036897706985473633e+01
9.241029977798461914e+00
9.141352176666259766e+00
9.245023012161254883e+00
9.369425058364868164e+00
9.801059007644653320e+00
9.236316919326782227e+00
9.116242885589599609e+00
8.672856092453002930e+00
8.747421026229858398e+00
8.680660009384155273e+00
9.399957180023193359e+00
9.359827995300292969e+00
9.197335004806518555e+00
8.988825082778930664e+00
9.010264873504638672e+00
