9.090723991394042969e+00
8.706444025039672852e+00
8.652072906494140625e+00
8.703950881958007812e+00
9.006392955780029297e+00
9.410344839096069336e+00
9.372991800308227539e+00
9.094892024993896484e+00
9.069764137268066406e+00
9.026812076568603516e+00
9.040102005004882812e+00
9.033021926879882812e+00
8.926727056503295898e+00
8.909022092819213867e+00
8.872313976287841797e+00
8.808751106262207031e+00
8.831432104110717773e+00
8.731626033782958984e+00
8.902850866317749023e+00
8.768502950668334961e+00
8.814317941665649414e+00
8.744920969009399414e+00
8.717170000076293945e+00
8.724353075027465820e+00
8.722046136856079102e+00
9.246895074844360352e+00
9.655090093612670898e+00
8.886229991912841797e+00
8.788171052932739258e+00
8.744740009307861328e+00
8.825396060943603516e+00
8.946022033691406250e+00
8.824695110321044922e+00
9.087937116622924805e+00
9.150351047515869141e+00
8.782862901687622070e+00
8.723567962646484375e+00
8.851881027221679688e+00
8.737308025360107422e+00
8.735968112945556641e+00
8.720490932464599609e+00
8.717398166656494141e+00
8.736373901367187500e+00
8.913949012756347656e+00
8.814469814300537109e+00
8.750245809555053711e+00
8.803084135055541992e+00
8.782111167907714844e+00
9.006046056747436523e+00
9.539725065231323242e+00
8.968538999557495117e+00
9.095857143402099609e+00
9.319128036499023438e+00
9.238583087921142578e+00
9.271162033081054688e+00
8.786123991012573242e+00
8.803874015808105469e+00
9.058006048202514648e+00
9.810269117355346680e+00
9.331334114074707031e+00
9.582005977630615234e+00
9.033861875534057617e+00
9.346104145050048828e+00
9.208194017410278320e+00
9.333356857299804688e+00
1.016139888763427734e+01
9.075520992279052734e+00
8.851687908172607422e+00
8.779367923736572266e+00
8.863969087600708008e+00
8.842285156250000000e+00
8.837803125381469727e+00
8.914944171905517578e+00
9.339194059371948242e+00
9.224554777145385742e+00
8.955868005752563477e+00
9.372671127319335938e+00
8.832183122634887695e+00
8.878107070922851562e+00
8.874995946884155273e+00
8.943413019180297852e+00
8.923784971237182617e+00
9.569150924682617188e+00
9.459032058715820312e+00
9.207558870315551758e+00
9.026313066482543945e+00
9.071513891220092773e+00
8.972352981567382812e+00
1.057614302635192871e+01
9.899791002273559570e+00
1.000573801994323730e+01
9.754050970077514648e+00
9.400106191635131836e+00
9.206657886505126953e+00
9.142939090728759766e+00
9.845804929733276367e+00
8.762524127960205078e+00
8.938074111938476562e+00
8.962962150573730469e+00
8.885217905044555664e+00
9.365885972976684570e+00
9.654467105865478516e+00
8.943048954010009766e+00
9.574972867965698242e+00
9.404160022735595703e+00
9.470834970474243164e+00
9.335787057876586914e+00
9.978693008422851562e+00
