9.079975128173828125e+00
8.562295913696289062e+00
8.786032199859619141e+00
8.406847953796386719e+00
8.886574029922485352e+00
8.567396163940429688e+00
8.684046983718872070e+00
8.862355947494506836e+00
8.468225955963134766e+00
8.951070070266723633e+00
8.636981010437011719e+00
8.458729982376098633e+00
8.984422922134399414e+00
8.451627969741821289e+00
8.843861103057861328e+00
8.591614007949829102e+00
8.365110158920288086e+00
8.962682008743286133e+00
8.573646068572998047e+00
8.885117053985595703e+00
8.703304052352905273e+00
8.568901062011718750e+00
8.795010805130004883e+00
8.397706985473632812e+00
8.833479881286621094e+00
8.625303030014038086e+00
8.543891906738281250e+00
8.947823047637939453e+00
8.497473001480102539e+00
8.766282081604003906e+00
8.953404903411865234e+00
8.672095775604248047e+00
9.016522884368896484e+00
8.527231931686401367e+00
8.733821868896484375e+00
8.866786003112792969e+00
8.617365121841430664e+00
8.979464054107666016e+00
8.400645971298217773e+00
8.696866989135742188e+00
8.980845928192138672e+00
8.449401140213012695e+00
8.874907016754150391e+00
8.653506994247436523e+00
8.776206016540527344e+00
8.783128976821899414e+00
8.585504055023193359e+00
9.060837984085083008e+00
8.425642013549804688e+00
8.596422910690307617e+00
9.107045173645019531e+00
8.598738193511962891e+00
8.984322071075439453e+00
8.689849853515625000e+00
8.637570142745971680e+00
8.961338996887207031e+00
8.499062061309814453e+00
8.602795124053955078e+00
8.872276067733764648e+00
8.519464969635009766e+00
9.021806001663208008e+00
8.428725004196166992e+00
8.543914079666137695e+00
8.899946928024291992e+00
8.470103025436401367e+00
8.915072202682495117e+00
8.589122056961059570e+00
8.793204069137573242e+00
8.860945940017700195e+00
8.566612005233764648e+00
8.858057975769042969e+00
8.688121080398559570e+00
8.703342914581298828e+00
8.874058961868286133e+00
8.647741079330444336e+00
8.923766136169433594e+00
8.624806880950927734e+00
8.449002027511596680e+00
8.881836891174316406e+00
8.506450176239013672e+00
9.029661893844604492e+00
8.646836996078491211e+00
8.845097064971923828e+00
9.027703046798706055e+00
8.542486906051635742e+00
8.875872135162353516e+00
8.734795808792114258e+00
8.605221033096313477e+00
9.041844844818115234e+00
8.493323802947998047e+00
8.754527091979980469e+00
8.930275917053222656e+00
8.551043033599853516e+00
9.017783880233764648e+00
8.618685960769653320e+00
8.711200952529907227e+00
8.692324876785278320e+00
8.500889062881469727e+00
9.008775949478149414e+00
8.541676044464111328e+00
8.906311988830566406e+00
9.050060987472534180e+00
8.621615171432495117e+00
8.991046905517578125e+00
8.641345024108886719e+00
8.822643995285034180e+00
8.808482170104980469e+00
8.449861049652099609e+00
